每幅图像的标定误差：
第1幅图像的平均误差：0.0576793像素
第2幅图像的平均误差：0.0621443像素
第3幅图像的平均误差：0.0766398像素
第4幅图像的平均误差：0.0590385像素
第5幅图像的平均误差：0.0479511像素
第6幅图像的平均误差：0.0390346像素
第7幅图像的平均误差：0.0469457像素
第8幅图像的平均误差：0.0590079像素
第9幅图像的平均误差：0.0677795像素
总体平均误差：0.0573579像素

相机内参数矩阵：
[740.5222020905114, 0, 508.339515940277;
 0, 737.6223889337364, 258.3854257265933;
 0, 0, 1]

畸变系数：
[0.1909977345086719, -1.089597710245698, -0.01308820732695563, 0.004782470514020034, 1.67456949632276]


第1幅图像的旋转向量：
[2.071917516099363;
 2.069310554382237;
 -0.104495208579334]
第1幅图像的旋转矩阵：
[0.01112071481700605, 0.9950909308287721, 0.09833803477946028;
 0.9801224537302793, 0.008633864235647049, -0.1982055298978725;
 -0.1980815624829703, 0.09858750311620601, -0.9752149500667108]
第1幅图像的平移向量：
[-99.0524633717172;
 -76.93273574916014;
 366.6951310609648]

第2幅图像的旋转向量：
[2.380398915075935;
 1.44677348365259;
 -0.09793587506961275]
第2幅图像的旋转矩阵：
[0.4754961813403928, 0.8712277028372825, 0.1219248593994521;
 0.8468481574177521, -0.4157809329404695, -0.3316239045685807;
 -0.238225900793475, 0.2609377427893955, -0.9354998207263926]
第2幅图像的平移向量：
[-109.8517258671132;
 -26.56561042704416;
 426.4925707058365]

第3幅图像的旋转向量：
[1.841260443571883;
 1.831337368358904;
 -0.5075275961691872]
第3幅图像的旋转矩阵：
[0.0304581256260138, 0.9964711983218193, 0.07821415152276989;
 0.8140635324118846, 0.0206742046038767, -0.5804077381126832;
 -0.5799766096839026, 0.08134942027497116, -0.8105611661315216]
第3幅图像的平移向量：
[-88.57010849071648;
 -73.21435636955364;
 444.0931460637208]

第4幅图像的旋转向量：
[1.180458307237697;
 2.378635432506155;
 -0.2938088534622506]
第4幅图像的旋转矩阵：
[-0.5223018213621535, 0.7939272905563866, 0.3112559472710065;
 0.6943281066248645, 0.6078307311455553, -0.3852924637542098;
 -0.4950851318233132, 0.01487479696847149, -0.8687171304070384]
第4幅图像的平移向量：
[-140.9634643799716;
 -115.624221863875;
 501.5211273197548]

第5幅图像的旋转向量：
[-2.06566630216383;
 -2.057906389803569;
 -0.3641124879896516]
第5幅图像的旋转矩阵：
[-0.00124822006019143, 0.9995143075057339, 0.031138256823631;
 0.9495177842941088, -0.008583787011416821, 0.3135957523783585;
 0.3137107254396754, 0.02995776513486448, -0.9490458961779651]
第5幅图像的平移向量：
[-22.45310121765773;
 -89.90563441666394;
 522.4934773287283]

第6幅图像的旋转向量：
[0.9050670822871956;
 2.575633603230336;
 -0.2871701830867558]
第6幅图像的旋转矩阵：
[-0.7134398905351975, 0.6351039916529455, 0.2960514184725702;
 0.5543018496958472, 0.7699853751004501, -0.316025286259157;
 -0.4286641832680775, -0.06136319677066251, -0.9013775990478113]
第6幅图像的平移向量：
[-177.2560567276611;
 -106.4447449289706;
 545.5227950002525]

第7幅图像的旋转向量：
[-1.974407909012954;
 -2.022418283730825;
 -0.4032910573049833]
第7幅图像的旋转矩阵：
[-0.02221644701094017, 0.9997140434024254, -0.008846519438975853;
 0.9198552115026548, 0.02390641871335941, 0.3915288916743036;
 0.3916284200024521, 0.0005608638655329734, -0.9201232885206783]
第7幅图像的平移向量：
[-51.11015811113123;
 -109.9153935648853;
 533.0523023094106]

第8幅图像的旋转向量：
[2.2168665611453;
 2.127417046134111;
 -0.149428982810755]
第8幅图像的旋转矩阵：
[0.03973478461927671, 0.9989045259601326, -0.02471628830594983;
 0.9925515931095774, -0.04230881716621471, -0.1142422820396894;
 -0.1151628495084236, -0.01999279886256439, -0.9931454103436924]
第8幅图像的平移向量：
[-44.25467230335186;
 -35.61286877887357;
 511.6718214925892]

第9幅图像的旋转向量：
[2.679658203181041;
 1.289059076965284;
 -0.1263496294108618]
第9幅图像的旋转矩阵：
[0.6238061994976959, 0.7815652499297202, -0.004646027392721491;
 0.7675927703260589, -0.6137519512113883, -0.1846886063821474;
 -0.1471977051838992, 0.1116436406003835, -0.9827861075036045]
第9幅图像的平移向量：
[-88.84895976466369;
 22.55987581390277;
 526.0802817003771]


