每幅图像的标定误差：
第1幅图像的平均误差：0.0540856像素
第2幅图像的平均误差：0.0583171像素
第3幅图像的平均误差：0.0786187像素
第4幅图像的平均误差：0.0519992像素
第5幅图像的平均误差：0.0482932像素
第6幅图像的平均误差：0.0338553像素
第7幅图像的平均误差：0.0453445像素
第8幅图像的平均误差：0.0574765像素
第9幅图像的平均误差：0.0651417像素
总体平均误差：0.0547924像素

相机内参数矩阵：
[740.3016931730161, 0, 509.0315666543583;
 0, 737.3228259351012, 258.473900463609;
 0, 0, 1]

畸变系数：
[0.2084986023163279, -1.218062735384293, -0.01280074434989002, 0.005350693992945881, 1.928008496231852]


第1幅图像的旋转向量：
[-99.40564013019721;
 -76.97407361683844;
 366.5223008637773]
第1幅图像的旋转矩阵：
[-0.3829599475771301, 0.9050495088259445, -0.1850055813364514;
 -0.75416310824616, -0.4219696684457537, -0.5031695589682186;
 -0.5334601060175097, -0.05316940366129067, 0.8441524327999593]
第1幅图像的平移向量：
[2.071935057657766;
 2.069061447669846;
 -0.1026700584460818]

第2幅图像的旋转向量：
[-110.2689797441016;
 -26.62248355092505;
 426.3746803785903]
第2幅图像的旋转矩阵：
[0.2368034869703085, -0.9372511984618347, -0.2558990026173556;
 0.9618036924058183, 0.1889197746479901, 0.1980983998458509;
 -0.1373235807617793, -0.2930349974470747, 0.94618852478666]
第2幅图像的平移向量：
[2.380507803928094;
 1.446455148665029;
 -0.09661773210085506]

第3幅图像的旋转向量：
[-89.00841267140731;
 -73.25494312594839;
 443.9792226339494]
第3幅图像的旋转矩阵：
[0.9996180567623165, -0.0272547901034978, -0.004573511904930553;
 0.02727938848036418, 0.9996132350073684, 0.005405123702656025;
 0.004424427518633018, -0.005527821860183118, 0.9999749334991425]
第3幅图像的平移向量：
[1.841536311304322;
 1.830910772661233;
 -0.5066204515947259]

第4幅图像的旋转向量：
[-141.483681778832;
 -115.6671349155628;
 501.3776910679317]
第4幅图像的旋转矩阵：
[0.9166874951763063, 0.3938867558007285, 0.06735918491317053;
 -0.3835874809676045, 0.9145984569806287, -0.1279465002787521;
 -0.1120030384959133, 0.09144881679622971, 0.9894909970657907]
第4幅图像的平移向量：
[1.180416940643483;
 2.377715757242819;
 -0.2928205600911152]

第5幅图像的旋转向量：
[-22.93475842310757;
 -89.95905667175523;
 522.2756411813107]
第5幅图像的旋转矩阵：
[-0.8895448974481944, -0.4290669791790078, -0.1568802180075043;
 0.45682761822727, -0.8386396179552585, -0.2966346547870925;
 -0.004289830845245507, -0.3355370599115078, 0.9420172391083195]
第5幅图像的平移向量：
[-2.06702467245756;
 -2.059491995829847;
 -0.3669803552246837]

第6幅图像的旋转向量：
[-177.7849444488873;
 -106.504569085252;
 545.2977707407578]
第6幅图像的旋转矩阵：
[0.5954989385052739, 0.8029685370445029, 0.02495080671447028;
 -0.7533451657584201, 0.568945310393602, -0.3298064508307054;
 -0.2790198478021063, 0.177602821761758, 0.9437187940455307]
第6幅图像的平移向量：
[0.9046082761395515;
 2.573472533340167;
 -0.2868339273031079]

第7幅图像的旋转向量：
[-51.62365600439967;
 -109.9993762120189;
 533.1101921494493]
第7幅图像的旋转矩阵：
[0.9895137677357621, -0.1412544035329034, -0.030161182734439;
 0.1416563308326246, 0.9898476658998927, 0.01162248887168914;
 0.02821324859732634, -0.015773135233625, 0.9994774738874745]
第7幅图像的平移向量：
[-1.975288146120667;
 -2.023258482813505;
 -0.4037992933708243]

第8幅图像的旋转向量：
[-44.74625331422783;
 -35.69234628256652;
 511.4820867952661]
第8幅图像的旋转矩阵：
[0.855476700945967, 0.5173098186150729, 0.02345561133385957;
 -0.5155538000963649, 0.855076325114996, -0.05521555427622798;
 -0.0486198863100485, 0.03514299065637583, 0.9981989164805398]
第8幅图像的平移向量：
[2.217186592356097;
 2.127801967339704;
 -0.1453374588378658]

第9幅图像的旋转向量：
[-89.36718690535888;
 22.48758237139993;
 526.1034497418559]
第9幅图像的旋转矩阵：
[0.9991199588447135, -0.04191195220626617, 0.001641980632515454;
 0.04189919608048128, 0.9990962169078625, 0.007155887660280917;
 -0.001940413859793275, -0.007080792516155146, 0.9999730482224988]
第9幅图像的平移向量：
[2.680991506743725;
 1.289707659341585;
 -0.1249119828332762]


